<galaxypower>	<timestamp>
0.0	33661733.9150305
0.0802675585284	33603713.26999584
0.160535117057	33366507.33920417
0.240802675585	33198169.171592083
0.321070234114	33140009.047133185
0.401337792642	33120445.46166221
0.481605351171	33129347.03661104
0.561872909699	32952067.914087776
0.642140468227	32902928.065508794
0.722408026756	32902867.810658544
0.802675585284	32783468.314441103
0.882943143813	32693258.77692171
0.963210702341	32692720.67714046
1.04347826087	32665998.96855029
1.1237458194	32586704.843435053
1.20401337793	32632210.43165892
1.28428093645	32747580.632858127
1.36454849498	32797728.18100653
1.44481605351	32918572.372977298
1.52508361204	33011686.693062566
1.60535117057	32990259.443700295
1.6856187291	33001123.208251692
1.76588628763	32994817.047160007
1.84615384615	33079256.684477758
1.92642140468	33233378.23118507
2.00668896321	33337539.03405071
2.08695652174	33434993.823408306
2.16722408027	33538078.021895036
2.2474916388	33637030.384775974
2.32775919732	33773321.99650971
2.40802675585	33897952.947605535
2.48829431438	33996198.0609206
2.56856187291	34191082.08587725
2.64882943144	34349097.46759269
2.72909698997	34426417.769104466
2.80936454849	34515413.99553071
2.88963210702	34644630.56910981
2.96989966555	34756824.40691738
3.05016722408	34935844.494552724
3.13043478261	35113682.19537397
3.21070234114	35270449.76211503
3.29096989967	35375193.26393108
3.37123745819	35543159.08682473
3.45150501672	35679976.46512918
3.53177257525	35907502.67259634
3.61204013378	36069531.678661704
3.69230769231	36167974.759763904
3.77257525084	36242888.42962965
3.85284280936	36358267.257125765
3.93311036789	36553768.32087596
4.01337792642	36789217.979653135
4.09364548495	37024834.71031967
4.17391304348	37224546.380732305
4.25418060201	37248644.32544521
4.33444816054	37339201.990040585
4.41471571906	37421972.9464132
4.49498327759	37473982.12106992
4.57525083612	37569520.75584984
4.65551839465	37673247.4623347
4.73578595318	37718233.8093448
4.81605351171	37740909.463320896
4.89632107023	37722158.446931034
4.97658862876	37784409.85403764
5.05685618729	37845118.64302902
5.13712374582	37922801.64253731
5.21739130435	37828440.99025284
5.29765886288	37818137.141327396
5.3779264214	37763236.1435459
5.45819397993	37744918.16359788
5.53846153846	37789641.668141365
5.61872909699	37710502.786678575
5.69899665552	37531545.89624189
5.77926421405	37364851.92834895
5.85953177258	37202114.31984235
5.9397993311	37008270.01061818
6.02006688963	36886614.80241546
6.10033444816	36646069.811978154
6.18060200669	36307026.354348324
6.26086956522	36136135.89879398
6.34113712375	35771517.32871804
6.42140468227	35492773.1112062
6.5016722408	35256286.98639557
6.58193979933	34893217.26399714
6.66220735786	34453044.156262286
6.74247491639	34210549.173038065
6.82274247492	33746664.55912187
6.90301003344	33453785.492326383
6.98327759197	33109014.739615448
7.0635451505	32699143.372812796
7.14381270903	32183916.476692025
7.22408026756	31761534.488439154
7.30434782609	31380112.39713508
7.38461538462	31001585.45393645
7.46488294314	30586236.979288336
7.54515050167	30192219.34878545
7.6254180602	29680105.667740352
7.70568561873	29189497.489845574
7.78595317726	28786226.258370005
7.86622073579	28447785.93828992
7.94648829431	28041872.315266207
8.02675585284	27717923.849809267
8.10702341137	27297981.01058337
8.1872909699	26843023.80136702
8.26755852843	26422458.964132372
8.34782608696	26120011.103206675
8.42809364548	25803925.0994576
8.50836120401	25485978.965439763
8.58862876254	25173300.687940646
8.66889632107	24768978.928326294
8.7491638796	24468938.26891362
8.82943143813	24205228.5852049
8.90969899666	24031079.562776845
8.98996655518	23737297.624590952
9.07023411371	23493727.512880173
9.15050167224	23211512.513960835
9.23076923077	22996400.75738243
9.3110367893	22853550.30423825
9.39130434783	22677422.71803246
9.47157190635	22585056.00063095
9.55183946488	22418885.84749064
9.63210702341	22215515.054105524
9.71237458194	22067446.07419248
9.79264214047	21960740.07672867
9.872909699	21956222.411859054
9.95317725753	21897311.84383053
10.0334448161	21818026.109970257
10.1137123746	21783049.670791224
10.1939799331	21712289.936727785
10.2742474916	21689574.77358303
10.3545150502	21737057.451141037
10.4347826087	21760760.400160044
10.5150501672	21709102.070958804
10.5953177258	21825451.559394833
10.6755852843	21831141.754045963
10.7558528428	21879347.507373538
10.8361204013	21953334.330757044
10.9163879599	22065248.299105406
10.9966555184	22124085.29781872
11.0769230769	22221575.33976141
11.1571906355	22307212.01434995
11.237458194	22384017.16129943
11.3177257525	22478202.758544277
11.397993311	22562064.960629564
11.4782608696	22803151.4799161
11.5585284281	22944429.878332138
11.6387959866	23095083.723472215
11.7190635452	23249384.70380736
11.7993311037	23415742.88938515
11.8795986622	23527885.171042692
11.9598662207	23723846.443215057
12.0401337793	23887380.628552206
12.1204013378	24081915.273000475
12.2006688963	24252070.22298471
12.2809364548	24378588.167972315
12.3612040134	24692620.73371482
12.4414715719	24910081.009388182
12.5217391304	25184913.87979907
12.602006689	25382923.87667726
12.6822742475	25550187.731760647
12.762541806	25821785.467699107
12.8428093645	25984453.27387062
12.9230769231	26200689.034700047
13.0033444816	26587124.71686569
13.0836120401	26764953.741263505
13.1638795987	27112368.749769922
13.2441471572	27365152.031910837
13.3244147157	27720955.92541158
13.4046822742	27883610.060659062
13.4849498328	28111169.830576494
13.5652173913	28399700.326844197
13.6454849498	28674674.92414789
13.7257525084	28948305.601240613
13.8060200669	29328151.756158914
13.8862876254	29670948.74150001
13.9665551839	30000637.453029748
14.0468227425	30311894.80622186
14.127090301	30638802.044620972
14.2073578595	30985518.633036256
14.2876254181	31295109.313727506
14.3678929766	31736805.429525115
14.4481605351	32129591.134793445
14.5284280936	32551869.184128083
14.6086956522	32849410.642179754
14.6889632107	33341277.581277467
14.7692307692	33877061.74463331
14.8494983278	34276095.84788955
14.9297658863	34686089.76887393
15.0100334448	35035307.08975542
15.0903010033	35420314.594160706
15.1705685619	35919531.9358481
15.2508361204	36484681.76677176
15.3311036789	37090709.583837844
15.4113712375	37538834.47230432
15.491638796	37923333.41815055
15.5719063545	38451478.227537364
15.652173913	39117401.50361169
15.7324414716	39844396.754747175
15.8127090301	40320462.772882946
15.8929765886	40853231.05007046
15.9732441472	41406209.80825349
16.0535117057	41969242.777478285
16.1337792642	42855373.18696878
16.2140468227	43781295.883315966
16.2943143813	44329207.70599073
16.3745819398	44800230.16513337
16.4548494983	45465593.803894214
16.5351170569	46144782.04890536
16.6153846154	47654359.82690687
16.6956521739	48069366.32742306
16.7759197324	48552103.3142605
16.856187291	49041206.307012625
16.9364548495	49886573.54100756
17.016722408	50714607.98175419
17.0969899666	52166573.120762944
17.1772575251	52728200.40761473
17.2575250836	53120563.41976372
17.3377926421	53908414.63740871
17.4180602007	54188069.23381341
17.4983277592	55580696.39426568
17.5785953177	56409950.96239651
17.6588628763	56882470.79484398
17.7391304348	56786406.36344947
17.8193979933	57110676.46667351
17.8996655518	58092873.53449153
17.9799331104	59527247.568870395
18.0602006689	59963442.675759956
18.1404682274	60307897.8667369
18.220735786	59800777.28522081
18.3010033445	59934036.31437357
18.381270903	60736040.09361035
18.4615384615	61835653.4950561
18.5418060201	62253105.191072986
18.6220735786	62621540.14376923
18.7023411371	62275155.09884772
18.7826086957	62428972.20038683
18.8628762542	62248406.53882943
18.9431438127	62486675.87760524
19.0234113712	63247833.213468604
19.1036789298	62644175.299239196
19.1839464883	62460796.33361034
19.2642140468	62169248.28048406
19.3444816054	61810596.97191271
19.4247491639	60996782.48593236
19.5050167224	61078856.65299906
19.5852842809	60645792.15167296
19.6655518395	60411464.1223582
19.745819398	60187766.115872964
19.8260869565	60497823.2893938
19.9063545151	58950658.32093616
19.9866220736	58374387.143734284
20.0668896321	58215142.13393684
20.1471571906	57613319.10614694
20.2274247492	56889998.058492005
20.3076923077	56110513.75098203
20.3879598662	55539236.55882716
20.4682274247	55067836.86556879
20.5484949833	54573958.90925973
20.6287625418	53642868.32914763
20.7090301003	53148239.43532991
20.7892976589	52651015.16400372
20.8695652174	52157214.2622359
20.9498327759	51395701.86245363
21.0301003344	51160525.60869193
21.110367893	50238922.304547414
21.1906354515	49447668.97223072
21.27090301	48600607.726236716
21.3511705686	47428085.257851295
21.4314381271	46631110.88641652
21.5117056856	46123419.44438067
21.5919732441	45091931.53563368
21.6722408027	44666295.397366606
21.7525083612	44716777.56432195
21.8327759197	44144658.85383221
21.9130434783	44034626.36223952
21.9933110368	43239570.530499525
22.0735785953	42043792.2265992
22.1538461538	41311618.809978776
22.2341137124	40711427.63611286
22.3143812709	40405758.669939876
22.3946488294	40023155.854278944
22.474916388	40128950.34233733
22.5551839465	39393502.56590067
22.635451505	38690380.60598609
22.7157190635	38299264.869280286
22.7959866221	37585003.11183713
22.8762541806	37096263.06730338
22.9565217391	36758254.75710777
23.0367892977	36750247.2472421
23.1170568562	36374335.53375922
23.1973244147	35886868.42894638
23.2775919732	35558334.5672521
23.3578595318	35282698.79334001
23.4381270903	34835828.07306
23.5183946488	34786026.2655886
23.5986622074	34884318.23380279
23.6789297659	34481166.81449174
23.7591973244	34128639.8864279
23.8394648829	33949472.28870949
23.9197324415	33878149.07390115
24.0	33661733.9150305
