<galaxypower>	<timestamp>
0.0	32989759.202810448
0.0802675585284	32808477.704806205
0.160535117057	32661837.956411626
0.240802675585	32543860.374151204
0.321070234114	32327686.731755108
0.401337792642	32207693.01198496
0.481605351171	32373838.217514016
0.561872909699	32419604.94937877
0.642140468227	32278797.06373424
0.722408026756	32196285.639710356
0.802675585284	32254244.683151353
0.882943143813	32438903.77243759
0.963210702341	32774380.037991755
1.04347826087	33117182.842174407
1.1237458194	33397606.43700709
1.20401337793	33635433.18097808
1.28428093645	34022448.8116408
1.36454849498	34429636.80516859
1.44481605351	35451359.50595334
1.52508361204	36323089.67905997
1.60535117057	36312717.80493648
1.6856187291	36821170.75730017
1.76588628763	37401793.10994543
1.84615384615	38685691.827281035
1.92642140468	39867514.0524503
2.00668896321	40549621.365600914
2.08695652174	40593457.802133985
2.16722408027	40570025.01118383
2.2474916388	40903774.56472061
2.32775919732	40010212.54767416
2.40802675585	40186639.086346656
2.48829431438	40432566.89063
2.56856187291	40749537.12614517
2.64882943144	41153480.66600252
2.72909698997	40908777.936195515
2.80936454849	41044125.716721185
2.88963210702	41612993.472523764
2.96989966555	40209706.804167815
3.05016722408	39842810.53825966
3.13043478261	39482538.974664696
3.21070234114	38985528.23715648
3.29096989967	38325780.334969625
3.37123745819	37390247.1990527
3.45150501672	37012971.17195601
3.53177257525	36158725.4218254
3.61204013378	35538159.00650996
3.69230769231	35311782.406849734
3.77257525084	34675782.26121828
3.85284280936	33923231.11371062
3.93311036789	33401939.05635013
4.01337792642	33314069.975637015
4.09364548495	32897394.931979645
4.17391304348	32458930.35302253
4.25418060201	32361056.141696654
4.33444816054	32235443.950157616
4.41471571906	32005454.59194399
4.49498327759	32022703.550109636
4.57525083612	32017580.106638182
4.65551839465	32087878.73203128
4.73578595318	32054668.030379776
4.81605351171	32238997.73304705
4.89632107023	32125433.18865323
4.97658862876	32143706.955598243
5.05685618729	32025117.969557464
5.13712374582	32065340.35281444
5.21739130435	31834818.337616306
5.29765886288	31968843.607883923
5.3779264214	32149266.148350663
5.45819397993	32165945.269605175
5.53846153846	32123933.349127363
5.61872909699	32051480.27388921
5.69899665552	31980755.401482265
5.77926421405	31764732.26579695
5.85953177258	31577607.75618249
5.9397993311	31600595.03747526
6.02006688963	31584410.08396336
6.10033444816	31601311.910696615
6.18060200669	31342201.16457712
6.26086956522	31116470.880160302
6.34113712375	30676580.238321066
6.42140468227	30415119.990384713
6.5016722408	30423814.05270711
6.58193979933	30293324.207558926
6.66220735786	30219405.559028942
6.74247491639	30036563.26882737
6.82274247492	29903532.736013066
6.90301003344	29823227.289469503
6.98327759197	29671558.52651387
7.0635451505	29654570.377481755
7.14381270903	29585511.231397174
7.22408026756	29455288.456989765
7.30434782609	29444328.121442102
7.38461538462	29307151.796882663
7.46488294314	29250036.299920943
7.54515050167	29231336.415173322
7.6254180602	29273399.54725893
7.70568561873	29290361.149135657
7.78595317726	29286551.0365536
7.86622073579	29516564.004384473
7.94648829431	29581293.753363077
8.02675585284	29662510.497471374
8.10702341137	29670911.03149079
8.1872909699	29641823.192068804
8.26755852843	29667876.36665243
8.34782608696	29808789.263421435
8.42809364548	29949702.790323988
8.50836120401	30088675.852870412
8.58862876254	30428346.065627098
8.66889632107	30350594.36861458
8.7491638796	30340724.562906984
8.82943143813	30453598.004930858
8.90969899666	30695638.113146015
8.98996655518	31074882.94697456
9.07023411371	31160687.62750427
9.15050167224	31149225.798106115
9.23076923077	31140850.36643715
9.3110367893	31076056.570598125
9.39130434783	30957526.702524785
9.47157190635	31395753.533474486
9.55183946488	31796791.372830752
9.63210702341	31956804.879080497
9.71237458194	32124299.811457533
9.79264214047	32323128.273458753
9.872909699	32247543.53457038
9.95317725753	32533537.391384196
10.0334448161	32902491.85777252
10.1137123746	33254644.726449
10.1939799331	33403577.77947922
10.2742474916	33637326.21410131
10.3545150502	33823350.96428804
10.4347826087	34114015.48532965
10.5150501672	34521209.04278587
10.5953177258	34994187.44488422
10.6755852843	35192341.929801114
10.7558528428	35593598.36899293
10.8361204013	35821479.77639566
10.9163879599	35910348.3359619
10.9966555184	36461999.581853
11.0769230769	37006513.37697026
11.1571906355	37163513.33445613
11.237458194	37648495.992024444
11.3177257525	37875722.09860036
11.397993311	37970928.354399815
11.4782608696	38744181.567123145
11.5585284281	38908406.18582756
11.6387959866	39153612.48018781
11.7190635452	39466738.008699246
11.7993311037	39836901.5607915
11.8795986622	40183594.37013997
11.9598662207	40418906.169527166
12.0401337793	40914279.15552366
12.1204013378	41530741.438266456
12.2006688963	42130743.01449454
12.2809364548	43027486.66509009
12.3612040134	43881335.28663041
12.4414715719	44488539.76788704
12.5217391304	45611121.92659155
12.602006689	46394412.4338038
12.6822742475	48206802.907398835
12.762541806	51041225.16321002
12.8428093645	54699062.94376372
12.9230769231	60380438.66199943
13.0033444816	69614283.7750811
13.0836120401	81905971.28896147
13.1638795987	78130972.34843348
13.2441471572	67750071.55069697
13.3244147157	63881702.300255105
13.4046822742	66738872.14628533
13.4849498328	70871570.74578638
13.5652173913	79670741.5572326
13.6454849498	78005161.30796248
13.7257525084	68654835.84419431
13.8060200669	65802941.31959164
13.8862876254	66585670.74758191
13.9665551839	70251812.11702864
14.0468227425	72318775.95203525
14.127090301	71585035.97697526
14.2073578595	65188738.24663445
14.2876254181	60846384.361081615
14.3678929766	61152652.15343601
14.4481605351	61590998.37665309
14.5284280936	63284215.06102397
14.6086956522	61125587.028523326
14.6889632107	56564755.023285665
14.7692307692	54554530.21180113
14.8494983278	54128438.992562644
14.9297658863	53437365.63286331
15.0100334448	52827736.38913422
15.0903010033	52189810.974576205
15.1705685619	48984626.9134684
15.2508361204	47112628.10232931
15.3311036789	46548417.7849181
15.4113712375	46136954.70717363
15.491638796	45459015.97298844
15.5719063545	44529826.6320226
15.652173913	44319260.015443124
15.7324414716	44187818.99144625
15.8127090301	43565639.66165411
15.8929765886	43411605.61512668
15.9732441472	42552658.24951768
16.0535117057	41770000.25939926
16.1337792642	41430261.125474505
16.2140468227	41129932.850413464
16.2943143813	40890486.66757125
16.3745819398	41170892.1095682
16.4548494983	41459750.26576257
16.5351170569	41475676.04664541
16.6153846154	41229513.90923395
16.6956521739	40805758.38914134
16.7759197324	40017977.00554281
16.856187291	39773746.87582961
16.9364548495	39923547.832029045
17.016722408	39931765.504821815
17.0969899666	39807014.14248165
17.1772575251	39559171.81018109
17.2575250836	39211338.49987952
17.3377926421	38886909.19604286
17.4180602007	38492968.165994555
17.4983277592	38579503.33277655
17.5785953177	38135144.238248974
17.6588628763	37769081.122964166
17.7391304348	37267571.30325465
17.8193979933	36924814.89487614
17.8996655518	36652662.741239466
17.9799331104	36777227.85056232
18.0602006689	36798236.77850646
18.1404682274	36660547.76005902
18.220735786	36332146.444093734
18.3010033445	36201992.71386572
18.381270903	36324795.078436166
18.4615384615	36527302.09224177
18.5418060201	36746701.82846809
18.6220735786	37161374.12648875
18.7023411371	37097997.51521211
18.7826086957	37397358.34046039
18.8628762542	37431261.872843444
18.9431438127	37537279.77548118
19.0234113712	37630217.59323419
19.1036789298	37484665.3233986
19.1839464883	37600460.014087446
19.2642140468	37677484.5163318
19.3444816054	37908725.0885369
19.4247491639	38256864.717740975
19.5050167224	38558057.42142046
19.5852842809	38330479.98545545
19.6655518395	38322343.986720435
19.745819398	38389633.76942678
19.8260869565	38630746.404385366
19.9063545151	38289925.89058571
19.9866220736	38179882.36096832
20.0668896321	38169534.18525387
20.1471571906	37886166.29149994
20.2274247492	37511298.57889294
20.3076923077	36994690.9692886
20.3879598662	36816372.42845435
20.4682274247	36394712.62116212
20.5484949833	36336607.607695915
20.6287625418	36140554.56254089
20.7090301003	35987028.92768629
20.7892976589	35786846.80807328
20.8695652174	35425422.7034275
20.9498327759	35147176.93841843
21.0301003344	35047511.866758905
21.110367893	34712546.41080351
21.1906354515	34667681.39317453
21.27090301	34794959.440762356
21.3511705686	34544698.43320275
21.4314381271	34483331.955405675
21.5117056856	34665845.97107428
21.5919732441	34501473.432657205
21.6722408027	34654134.6550928
21.7525083612	35138719.03785888
21.8327759197	35243523.20792975
21.9130434783	35446919.94142637
21.9933110368	35572726.96230729
22.0735785953	35833001.00184636
22.1538461538	36223411.79070143
22.2341137124	36308379.50866002
22.3143812709	37298439.90427774
22.3946488294	37088645.77277236
22.474916388	37154063.688452154
22.5551839465	38011198.3207883
22.635451505	37076174.57633964
22.7157190635	37185635.39089896
22.7959866221	37307974.247848265
22.8762541806	36984430.28006579
22.9565217391	37108868.49400385
23.0367892977	36592824.25831254
23.1170568562	36220436.0616458
23.1973244147	36367508.08569162
23.2775919732	35146470.45909715
23.3578595318	34757243.443577364
23.4381270903	33972354.722577766
23.5183946488	34047144.148489185
23.5986622074	34422885.22095358
23.6789297659	33920050.76566029
23.7591973244	33291606.27250472
23.8394648829	33182786.891215518
23.9197324415	33246389.944546126
24.0	32989759.202810448
