<galaxypower>	<timestamp>
0.0	25813449.78008803
0.0802675585284	25810410.492668584
0.160535117057	25981072.806997415
0.240802675585	26066072.246081162
0.321070234114	26240540.945296645
0.401337792642	26262782.902376767
0.481605351171	26320738.831200037
0.561872909699	26200585.79768982
0.642140468227	26239084.635565862
0.722408026756	26595160.204993617
0.802675585284	26705317.404554047
0.882943143813	26507514.484789412
0.963210702341	26353515.812545974
1.04347826087	26576160.25902047
1.1237458194	26692122.038555074
1.20401337793	26733882.52055876
1.28428093645	26806026.64296524
1.36454849498	27004029.665966135
1.44481605351	26932954.721239943
1.52508361204	26736989.729170818
1.60535117057	26625616.742299788
1.6856187291	26631216.23193673
1.76588628763	26650463.268078312
1.84615384615	26835784.55756454
1.92642140468	27081951.470027555
2.00668896321	27231090.64309367
2.08695652174	27375068.7854119
2.16722408027	27549788.94258486
2.2474916388	27545376.300488707
2.32775919732	27659725.372635666
2.40802675585	27844280.435776528
2.48829431438	27887541.563242044
2.56856187291	27958006.85438617
2.64882943144	27893733.89049712
2.72909698997	27975815.030010857
2.80936454849	27835575.096115816
2.88963210702	27809976.509659436
2.96989966555	27774490.237106822
3.05016722408	27718039.679265887
3.13043478261	27683500.879903916
3.21070234114	27688762.134209644
3.29096989967	27725303.522969283
3.37123745819	27777604.579810884
3.45150501672	27823936.12136474
3.53177257525	27718755.927578818
3.61204013378	27752151.993839692
3.69230769231	27742911.84161832
3.77257525084	27762255.20451063
3.85284280936	27696992.532377757
3.93311036789	27704372.173671022
4.01337792642	27770841.287066124
4.09364548495	27836861.719210643
4.17391304348	27862160.843515523
4.25418060201	27889737.68784439
4.33444816054	27879874.382989764
4.41471571906	27961830.692865036
4.49498327759	28085615.330998152
4.57525083612	28224094.50144081
4.65551839465	28358618.33475738
4.73578595318	28419546.246800605
4.81605351171	28438794.039436635
4.89632107023	28425596.78604856
4.97658862876	28403178.86653025
5.05685618729	28495663.56477427
5.13712374582	28547120.5489894
5.21739130435	28425875.282521717
5.29765886288	28400051.79617074
5.3779264214	28306504.71250814
5.45819397993	28180794.028205812
5.53846153846	28189746.532943994
5.61872909699	28170373.033258688
5.69899665552	28075352.455883767
5.77926421405	27895574.05841742
5.85953177258	27663928.98064406
5.9397993311	27370987.973011427
6.02006688963	27163821.0416645
6.10033444816	26996595.408745244
6.18060200669	26763543.392278437
6.26086956522	26542327.900453623
6.34113712375	26247751.824049264
6.42140468227	26032362.316992924
6.5016722408	25846396.493793476
6.58193979933	25566665.891540498
6.66220735786	25293794.137703013
6.74247491639	24955347.75105117
6.82274247492	24609264.72893441
6.90301003344	24412385.58658026
6.98327759197	24228390.02930247
7.0635451505	24022039.89353459
7.14381270903	23841668.77256731
7.22408026756	23506557.002284035
7.30434782609	23210045.797820218
7.38461538462	22905997.708211858
7.46488294314	22736552.800557587
7.54515050167	22569176.92048193
7.6254180602	22348652.868423626
7.70568561873	22158218.499676522
7.78595317726	21871665.844550613
7.86622073579	21679080.676306292
7.94648829431	21504917.461021625
8.02675585284	21349811.92412559
8.10702341137	21073794.44123884
8.1872909699	20862799.779845998
8.26755852843	20724524.119985815
8.34782608696	20440756.221730884
8.42809364548	20184368.44128497
8.50836120401	20006809.25275321
8.58862876254	19952656.122256126
8.66889632107	19794872.98173208
8.7491638796	19705798.669442873
8.82943143813	19616819.10264866
8.90969899666	19437670.32154065
8.98996655518	19288362.03458012
9.07023411371	19266595.508269902
9.15050167224	19216855.324322347
9.23076923077	19105018.237649012
9.3110367893	19088989.78272336
9.39130434783	19069399.23992919
9.47157190635	19008937.3942919
9.55183946488	19079376.562862746
9.63210702341	19091305.89278555
9.71237458194	19097470.818236932
9.79264214047	19125819.176128473
9.872909699	19178005.301366292
9.95317725753	19189528.890964538
10.0334448161	19238899.46843822
10.1137123746	19373312.554859847
10.1939799331	19385712.10310453
10.2742474916	19414124.95565265
10.3545150502	19512576.474039044
10.4347826087	19636281.482450612
10.5150501672	19811760.681688733
10.5953177258	19910084.055955816
10.6755852843	19978640.476854745
10.7558528428	20061835.995378997
10.8361204013	20165617.000718582
10.9163879599	20267464.884010192
10.9966555184	20459492.427435428
11.0769230769	20588592.138682853
11.1571906355	20722947.982141476
11.237458194	20879535.161138043
11.3177257525	20921098.05587206
11.397993311	20991633.72326771
11.4782608696	21125464.768761907
11.5585284281	21211448.790844057
11.6387959866	21299177.864130177
11.7190635452	21422094.152390353
11.7993311037	21433922.05624397
11.8795986622	21466401.616362456
11.9598662207	21613562.800647516
12.0401337793	21825371.06502532
12.1204013378	21936049.62240231
12.2006688963	22054724.345462777
12.2809364548	22231417.31765721
12.3612040134	22362636.24481044
12.4414715719	22409741.512778822
12.5217391304	22616595.542149216
12.602006689	22847337.67784546
12.6822742475	23020008.868729223
12.762541806	23255218.461810622
12.8428093645	23511757.809676502
12.9230769231	23905765.17821708
13.0033444816	24436580.336300045
13.0836120401	25238827.377206784
13.1638795987	25880750.51328771
13.2441471572	26440279.552660257
13.3244147157	27266773.38371239
13.4046822742	28464815.97893267
13.4849498328	29073374.278949644
13.5652173913	28801641.434711423
13.6454849498	28408612.558586366
13.7257525084	28808360.967761315
13.8060200669	29428925.46960279
13.8862876254	29826581.376664005
13.9665551839	30596831.940861423
14.0468227425	30292265.95347832
14.127090301	30076904.24488838
14.2073578595	30156563.63348549
14.2876254181	30562999.197780613
14.3678929766	30781567.234097634
14.4481605351	31014573.340780813
14.5284280936	30638905.948829785
14.6086956522	31070203.20923009
14.6889632107	31161642.54201965
14.7692307692	31241519.50683002
14.8494983278	31465915.671038568
14.9297658863	31378357.805405334
15.0100334448	31256446.016531724
15.0903010033	31462248.714218207
15.1705685619	31752780.268085353
15.2508361204	31607637.270548377
15.3311036789	31797813.99315357
15.4113712375	32142923.3364788
15.491638796	31656005.509584013
15.5719063545	31882344.147855025
15.652173913	32090070.327879347
15.7324414716	31767935.559255455
15.8127090301	31398855.289016373
15.8929765886	31832479.08567062
15.9732441472	31903397.197771125
16.0535117057	31747657.44872656
16.1337792642	31771416.793290254
16.2140468227	31255934.397684213
16.2943143813	30949485.20002237
16.3745819398	30904687.143482026
16.4548494983	31131303.01090833
16.5351170569	30974288.28391109
16.6153846154	31011530.961378694
16.6956521739	30632681.879301578
16.7759197324	30240627.23443147
16.856187291	30416021.72909331
16.9364548495	30357896.980772007
17.016722408	30501789.63211109
17.0969899666	30141529.900425293
17.1772575251	29918322.72003545
17.2575250836	29932558.976339944
17.3377926421	30179561.49752913
17.4180602007	30132277.839939736
17.4983277592	29978443.38895561
17.5785953177	30026934.377732906
17.6588628763	30429873.1721405
17.7391304348	30587877.590463527
17.8193979933	30537351.33035455
17.8996655518	30574008.092228673
17.9799331104	30990831.757563073
18.0602006689	31093884.86058429
18.1404682274	31395306.071978662
18.220735786	31784993.099440746
18.3010033445	31694417.203634378
18.381270903	31840586.305649407
18.4615384615	32159497.200053155
18.5418060201	32549007.46581809
18.6220735786	33056516.49608134
18.7023411371	33218062.824497417
18.7826086957	33604975.23454879
18.8628762542	33874482.514546186
18.9431438127	34330105.88920679
19.0234113712	34793352.493875034
19.1036789298	35577870.05142277
19.1839464883	36154316.16493733
19.2642140468	36469362.142428
19.3444816054	37066413.30702692
19.4247491639	37671882.44317799
19.5050167224	37978011.931776576
19.5852842809	38959154.468652114
19.6655518395	39743865.60202073
19.745819398	40322384.82970089
19.8260869565	40498194.87542802
19.9063545151	40748125.34270267
19.9866220736	40911596.21637171
20.0668896321	41045904.26263164
20.1471571906	40881876.60701795
20.2274247492	40574195.95988211
20.3076923077	40430596.53733023
20.3879598662	40660584.469992645
20.4682274247	40636568.14262835
20.5484949833	40630314.066465445
20.6287625418	40323550.362613834
20.7090301003	39662418.319932364
20.7892976589	39168484.139874846
20.8695652174	38818658.49850037
20.9498327759	38562872.70747209
21.0301003344	38512051.222870335
21.110367893	38542054.07584709
21.1906354515	38027669.62235143
21.27090301	37237499.86439652
21.3511705686	35812437.98958859
21.4314381271	34619182.82217286
21.5117056856	33976877.45593362
21.5919732441	33505221.096975606
21.6722408027	33327334.934176475
21.7525083612	32966190.26851004
21.8327759197	32368034.09568093
21.9130434783	31584135.23529905
21.9933110368	31045386.2975018
22.0735785953	30660378.380758952
22.1538461538	30089269.54228367
22.2341137124	29971860.1231817
22.3143812709	29443278.316719875
22.3946488294	28990878.461201716
22.474916388	28729558.055315893
22.5551839465	28485518.951968685
22.635451505	28148356.65856113
22.7157190635	27783705.32208336
22.7959866221	27674797.014726408
22.8762541806	27249302.89777203
22.9565217391	27057233.509051405
23.0367892977	26787330.1111167
23.1170568562	26826206.979582645
23.1973244147	26483503.18661275
23.2775919732	26237907.229448136
23.3578595318	26215939.6054191
23.4381270903	26041961.587516185
23.5183946488	25894198.28959288
23.5986622074	25861641.777076554
23.6789297659	25925568.575608186
23.7591973244	25944686.49953716
23.8394648829	25944985.072414357
23.9197324415	25997586.029820926
24.0	25813449.78008803
