<galaxypower>	<timestamp>
0.0	46079485.81214998
0.0802675585284	45983259.5659812
0.160535117057	45538736.76595411
0.240802675585	45312201.929279864
0.321070234114	45189329.312653705
0.401337792642	45209376.96098374
0.481605351171	45188718.91969201
0.561872909699	45000559.574272
0.642140468227	44773065.79867993
0.722408026756	44558452.004881054
0.802675585284	44426173.04040572
0.882943143813	44172073.75207898
0.963210702341	44110330.22744041
1.04347826087	44084067.18711985
1.1237458194	43826390.570222564
1.20401337793	43735029.48966996
1.28428093645	43765185.166436516
1.36454849498	43728538.97172024
1.44481605351	43905215.71681714
1.52508361204	43997193.673665814
1.60535117057	43688815.02346857
1.6856187291	43613353.40868186
1.76588628763	43547129.55217921
1.84615384615	43582548.532392845
1.92642140468	43672831.04969402
2.00668896321	43656991.44237573
2.08695652174	43628872.72644747
2.16722408027	43611378.95680339
2.2474916388	43648043.88919454
2.32775919732	43706060.05659172
2.40802675585	43758270.786701895
2.48829431438	43730037.48110421
2.56856187291	43850518.37784284
2.64882943144	43989461.869279645
2.72909698997	43975549.792661555
2.80936454849	44014301.19036454
2.88963210702	44123403.19981456
2.96989966555	44033006.087963335
3.05016722408	44169387.44121118
3.13043478261	44326973.441452965
3.21070234114	44495129.59285496
3.29096989967	44432633.1458865
3.37123745819	44530490.41131058
3.45150501672	44562558.601230495
3.53177257525	44638192.93605998
3.61204013378	44642374.36201438
3.69230769231	44636748.50070062
3.77257525084	44583271.41816192
3.85284280936	44595017.02837113
3.93311036789	44675139.7427722
4.01337792642	44808800.58806478
4.09364548495	45009584.5670808
4.17391304348	45072758.97515519
4.25418060201	44963488.25519083
4.33444816054	44957521.42194766
4.41471571906	44959971.2018568
4.49498327759	44932385.60557324
4.57525083612	44956097.653120555
4.65551839465	45026750.78195346
4.73578595318	44985405.92493124
4.81605351171	44925633.84487365
4.89632107023	44834066.10201668
4.97658862876	44772879.328582354
5.05685618729	44769588.07386979
5.13712374582	44782479.2720507
5.21739130435	44654431.31323033
5.29765886288	44616343.80308538
5.3779264214	44532371.984418295
5.45819397993	44454016.15942198
5.53846153846	44457521.08107718
5.61872909699	44337421.979451865
5.69899665552	44191116.19361341
5.77926421405	44057331.19560696
5.85953177258	43931153.14470216
5.9397993311	43735310.525862016
6.02006688963	43620101.671181574
6.10033444816	43424238.9726212
6.18060200669	43110185.61677647
6.26086956522	42992470.01587872
6.34113712375	42679002.28649296
6.42140468227	42439899.60234009
6.5016722408	42276090.412155084
6.58193979933	42007226.55492801
6.66220735786	41744581.44587257
6.74247491639	41575923.39942914
6.82274247492	41217757.594805494
6.90301003344	41017829.89936833
6.98327759197	40747665.77285656
7.0635451505	40458734.04000982
7.14381270903	40090079.38868582
7.22408026756	39831725.69714746
7.30434782609	39555754.02181179
7.38461538462	39252946.744209126
7.46488294314	38961476.133670405
7.54515050167	38692303.80125373
7.6254180602	38276414.95773603
7.70568561873	37933754.94437497
7.78595317726	37712735.5519742
7.86622073579	37548113.53372534
7.94648829431	37255305.38054409
8.02675585284	36983564.696283154
8.10702341137	36636213.33202492
8.1872909699	36257315.40498525
8.26755852843	35945446.8700647
8.34782608696	35805863.41362196
8.42809364548	35603509.30211524
8.50836120401	35349372.128623925
8.58862876254	35170523.37837834
8.66889632107	34846270.75305323
8.7491638796	34603891.66630842
8.82943143813	34421210.73501265
8.90969899666	34345751.91007888
8.98996655518	34064838.00270358
9.07023411371	33850339.07018177
9.15050167224	33607208.602916196
9.23076923077	33427535.698617544
9.3110367893	33363007.252896998
9.39130434783	33201091.812186107
9.47157190635	33106533.969165243
9.55183946488	32936567.16233206
9.63210702341	32810340.726325195
9.71237458194	32705687.635463342
9.79264214047	32663704.594405048
9.872909699	32603436.378923103
9.95317725753	32533082.40612329
10.0334448161	32466380.462845158
10.1137123746	32464646.03652896
10.1939799331	32411766.65486818
10.2742474916	32368948.258862887
10.3545150502	32355732.594817992
10.4347826087	32385559.968914125
10.5150501672	32317402.017491404
10.5953177258	32436003.351853002
10.6755852843	32446150.252740502
10.7558528428	32504600.948007416
10.8361204013	32620730.306522544
10.9163879599	32691604.03396794
10.9966555184	32737583.783847213
11.0769230769	32854379.315872934
11.1571906355	32983787.949680988
11.237458194	33053193.644060377
11.3177257525	33145759.571791757
11.397993311	33172244.810923755
11.4782608696	33431367.784943156
11.5585284281	33603713.545504816
11.6387959866	33814074.40907932
11.7190635452	33995351.45479242
11.7993311037	34214059.02391839
11.8795986622	34375831.43104928
11.9598662207	34585577.47441537
12.0401337793	34780990.3343749
12.1204013378	35044252.50380941
12.2006688963	35320466.95318276
12.2809364548	35491147.45401273
12.3612040134	35963510.3732397
12.4414715719	36293939.94285523
12.5217391304	36619432.71560328
12.602006689	36921033.727251194
12.6822742475	37367385.11583298
12.762541806	37991247.551359534
12.8428093645	38607870.22561066
12.9230769231	39417353.6571803
13.0033444816	40692394.30475421
13.0836120401	42213767.536991216
13.1638795987	42165416.457812466
13.2441471572	41864625.54844361
13.3244147157	42037241.261428185
13.4046822742	42570095.61099492
13.4849498328	43392191.272757575
13.5652173913	44245752.867114976
13.6454849498	44386130.15313711
13.7257525084	44289283.61543992
13.8060200669	44498368.64306303
13.8862876254	45162546.19578991
13.9665551839	46359670.59610462
14.0468227425	46523959.29979703
14.127090301	46777316.68869866
14.2073578595	47159180.83678058
14.2876254181	47424198.703243665
14.3678929766	48517339.53233605
14.4481605351	49156242.05958637
14.5284280936	49310433.50106268
14.6086956522	49422560.415308446
14.6889632107	49865252.92903365
14.7692307692	50922887.20051324
14.8494983278	51948569.93322206
14.9297658863	52227019.60941826
15.0100334448	52203741.79846797
15.0903010033	52784535.83983083
15.1705685619	53066051.19837268
15.2508361204	53678316.04678189
15.3311036789	55005759.02638141
15.4113712375	55444838.5179946
15.491638796	55612903.80144502
15.5719063545	55795912.399244934
15.652173913	56562745.40339106
15.7324414716	57790742.507408656
15.8127090301	57939242.98069495
15.8929765886	58435622.61711422
15.9732441472	58816856.67935323
16.0535117057	59082890.84630519
16.1337792642	60153043.749704964
16.2140468227	61173237.42384067
16.2943143813	61296516.13533531
16.3745819398	61745652.348681115
16.4548494983	62360641.618580215
16.5351170569	62884270.604426205
16.6153846154	64557906.258510195
16.6956521739	64472616.07268219
16.7759197324	64521579.25338851
16.856187291	64675036.96767557
16.9364548495	65514838.00312421
17.016722408	66090215.050138414
17.0969899666	67027567.17240336
17.1772575251	67284075.79087667
17.2575250836	67470345.81127779
17.3377926421	68292825.12674859
17.4180602007	67757915.60693698
17.4983277592	68749729.51710919
17.5785953177	69341638.50594729
17.6588628763	69480437.43426259
17.7391304348	68929827.23959687
17.8193979933	68831575.53924288
17.8996655518	69632980.46767873
17.9799331104	70596691.01646681
18.0602006689	70574994.010154
18.1404682274	70822896.86793534
18.220735786	69954861.00156339
18.3010033445	69695084.10044195
18.381270903	70278907.29806852
18.4615384615	71004881.7131543
18.5418060201	70992491.27795704
18.6220735786	71146253.46108924
18.7023411371	70612680.747913
18.7826086957	70631396.8157122
18.8628762542	70228378.83146219
18.9431438127	70194270.80578446
19.0234113712	70760769.1297656
19.1036789298	70005393.76153348
19.1839464883	69542391.25599095
19.2642140468	69209955.59394547
19.3444816054	68818000.45683257
19.4247491639	68150104.39959398
19.5050167224	68047344.88080564
19.5852842809	67531720.8157486
19.6655518395	67144442.17286624
19.745819398	67200567.31029567
19.8260869565	67775801.82831007
19.9063545151	65927934.53885215
19.9866220736	65243843.18685216
20.0668896321	65389773.676946275
20.1471571906	65105795.69252862
20.2274247492	64506963.3125125
20.3076923077	63655153.86560827
20.3879598662	63205466.46490046
20.4682274247	62975185.93321147
20.5484949833	62570841.266206816
20.6287625418	61837320.84492509
20.7090301003	61642726.08393498
20.7892976589	61258697.54374241
20.8695652174	60663721.031017095
20.9498327759	60045378.26224224
21.0301003344	60001720.80969081
21.110367893	59361783.84329896
21.1906354515	58845308.66738605
21.27090301	58336787.59534992
21.3511705686	57201258.99443225
21.4314381271	56617192.17360572
21.5117056856	56339545.16574242
21.5919732441	55536332.822380215
21.6722408027	55213232.61589666
21.7525083612	55461323.59349935
21.8327759197	54792065.02735003
21.9130434783	54902956.23519195
21.9933110368	54262553.87459358
22.0735785953	53249269.628547065
22.1538461538	52805225.87220353
22.2341137124	52348520.0975229
22.3143812709	52156035.48705828
22.3946488294	51745349.11564056
22.474916388	52017620.419880025
22.5551839465	51365709.43781753
22.635451505	50673910.07169868
22.7157190635	50497922.56009387
22.7959866221	49858074.62383754
22.8762541806	49315588.856400505
22.9565217391	49065780.47747359
23.0367892977	49328299.61261242
23.1170568562	48839863.712075956
23.1973244147	48301469.68565281
23.2775919732	47932440.39465662
23.3578595318	47806605.77088421
23.4381270903	47181322.958639175
23.5183946488	47191180.450075075
23.5986622074	47495292.851973586
23.6789297659	47054782.11535321
23.7591973244	46454688.51315516
23.8394648829	46288604.85462229
23.9197324415	46378155.85513361
24.0	46079485.81214998
