<galaxypower>	<timestamp>
0.0	69242918.57151559
0.0802675585284	68727584.32563473
0.160535117057	68931323.24972287
0.240802675585	68796240.27495028
0.321070234114	69147555.58529705
0.401337792642	68835450.98680837
0.481605351171	68635553.816523
0.561872909699	67974199.58719006
0.642140468227	67897231.20810919
0.722408026756	68410361.06475458
0.802675585284	68287354.09283982
0.882943143813	67575051.25277701
0.963210702341	67080212.2751936
1.04347826087	67061766.69243898
1.1237458194	67100464.54734552
1.20401337793	67091930.35316166
1.28428093645	66990792.66557115
1.36454849498	67028942.34425585
1.44481605351	66779143.20561584
1.52508361204	66501506.93824604
1.60535117057	65961903.649107836
1.6856187291	65680776.19003662
1.76588628763	65450151.830451824
1.84615384615	65293161.11580718
1.92642140468	65521340.072825484
2.00668896321	65384253.251521185
2.08695652174	65329024.42980019
2.16722408027	65241839.37133493
2.2474916388	64950490.99450602
2.32775919732	65003164.855698645
2.40802675585	65094862.66490046
2.48829431438	64940632.920985244
2.56856187291	64927828.7563836
2.64882943144	64773150.79664306
2.72909698997	64691857.35104858
2.80936454849	64378879.15134345
2.88963210702	64283499.284767784
2.96989966555	64241000.69480189
3.05016722408	64260323.033316225
3.13043478261	64267133.01836783
3.21070234114	64076607.04873226
3.29096989967	63942215.23067908
3.37123745819	64086130.24738253
3.45150501672	64308883.89730713
3.53177257525	64045327.85241366
3.61204013378	64072465.00821586
3.69230769231	64030908.829511836
3.77257525084	64090688.04232546
3.85284280936	63794228.007034265
3.93311036789	63533421.65442908
4.01337792642	63454264.43510117
4.09364548495	63407221.55815115
4.17391304348	63062221.00140303
4.25418060201	63337009.39654275
4.33444816054	63452508.18048281
4.41471571906	63294555.65827
4.49498327759	63068430.79722297
4.57525083612	62683960.41914475
4.65551839465	62463651.85542195
4.73578595318	62371116.41614323
4.81605351171	62234985.218316264
4.89632107023	62074481.20709663
4.97658862876	61598678.72536617
5.05685618729	61483712.112322934
5.13712374582	61510888.37229836
5.21739130435	61415779.673670866
5.29765886288	61276597.05993359
5.3779264214	60835053.222463235
5.45819397993	60650177.44944388
5.53846153846	60544643.73154091
5.61872909699	60468958.404474795
5.69899665552	60399945.756017976
5.77926421405	60242372.43391752
5.85953177258	60068174.13370987
5.9397993311	59757378.79189425
6.02006688963	59540125.0406268
6.10033444816	59357523.42076346
6.18060200669	59259601.31506893
6.26086956522	59036606.68698877
6.34113712375	58826309.738171466
6.42140468227	58589072.147016376
6.5016722408	58378134.59078892
6.58193979933	58108190.89708001
6.66220735786	58080233.558323674
6.74247491639	58070957.88257804
6.82274247492	57527690.9585338
6.90301003344	57387611.84720752
6.98327759197	57133015.67539304
7.0635451505	56965256.054533504
7.14381270903	56829163.80573866
7.22408026756	56589822.22667169
7.30434782609	56324608.97132528
7.38461538462	55984314.82232982
7.46488294314	55756829.89920069
7.54515050167	55634578.40162143
7.6254180602	55468566.97513368
7.70568561873	55313444.66991034
7.78595317726	55061958.15391563
7.86622073579	54763579.38961497
7.94648829431	54592304.598801665
8.02675585284	54618022.31057059
8.10702341137	54295385.13109391
8.1872909699	54054346.4235568
8.26755852843	53987051.60306911
8.34782608696	53656372.08915623
8.42809364548	53304923.625903085
8.50836120401	53140379.370750025
8.58862876254	53149477.86418024
8.66889632107	53131640.74100631
8.7491638796	53067225.08681329
8.82943143813	52920483.85348601
8.90969899666	52753687.50156308
8.98996655518	52517329.750603296
9.07023411371	52545144.96197468
9.15050167224	52491082.02763785
9.23076923077	52381837.72738284
9.3110367893	52298244.22099549
9.39130434783	52243767.43127728
9.47157190635	52136813.10892093
9.55183946488	52292900.83115041
9.63210702341	52349906.954790875
9.71237458194	52237398.0393068
9.79264214047	52223039.62660557
9.872909699	52180568.728450626
9.95317725753	52178976.70441494
10.0334448161	52286620.00525161
10.1137123746	52483005.40780534
10.1939799331	52327446.3390217
10.2742474916	52288883.77163962
10.3545150502	52267479.93170775
10.4347826087	52392816.034830146
10.5150501672	52510083.24494997
10.5953177258	52564831.412453085
10.6755852843	52627406.94849861
10.7558528428	52650349.10205986
10.8361204013	52744011.2719789
10.9163879599	52869424.2794815
10.9966555184	53070841.98338349
11.0769230769	53156456.348928496
11.1571906355	53334573.34423661
11.237458194	53586725.68929988
11.3177257525	53745189.63608407
11.397993311	53804261.489495695
11.4782608696	53991817.53797956
11.5585284281	54180606.82763006
11.6387959866	54359558.4756205
11.7190635452	54684860.83743444
11.7993311037	54819300.69192357
11.8795986622	54968037.62614755
11.9598662207	55355126.71846843
12.0401337793	55773221.73042778
12.1204013378	56029251.02665879
12.2006688963	56481525.398645505
12.2809364548	56910557.93481398
12.3612040134	57620445.83202225
12.4414715719	57980615.66415239
12.5217391304	58257042.974389955
12.602006689	58796197.751843706
12.6822742475	59338698.71182499
12.762541806	60136862.69797411
12.8428093645	60964824.2772957
12.9230769231	62078565.06800569
13.0033444816	63351815.66302607
13.0836120401	64978165.54608806
13.1638795987	66826914.309911765
13.2441471572	67974680.66551086
13.3244147157	69261247.0667347
13.4046822742	70536361.18949255
13.4849498328	71608202.48695762
13.5652173913	72349436.02679087
13.6454849498	73413082.36091268
13.7257525084	74128964.00350116
13.8060200669	74406261.77298808
13.8862876254	74728912.57192619
13.9665551839	76039981.23745099
14.0468227425	76662395.19826673
14.127090301	77235043.77342401
14.2073578595	77204339.61639558
14.2876254181	77994717.018773
14.3678929766	78393762.08290905
14.4481605351	79004339.51106703
14.5284280936	78984857.070966
14.6086956522	80127326.03095879
14.6889632107	80043139.16499645
14.7692307692	80526364.68498427
14.8494983278	81326309.55661437
14.9297658863	81891772.66874988
15.0100334448	82422330.19688055
15.0903010033	82420081.29113029
15.1705685619	82016912.99926983
15.2508361204	82474422.77172117
15.3311036789	82845631.88639088
15.4113712375	84258513.0161519
15.491638796	83127719.07285891
15.5719063545	83896552.67363286
15.652173913	85035857.32424328
15.7324414716	84504948.36845337
15.8127090301	84705424.56774092
15.8929765886	85844205.64449845
15.9732441472	85301398.46817629
16.0535117057	85572774.75634173
16.1337792642	85925476.82309985
16.2140468227	85590567.65520814
16.2943143813	85846546.73921196
16.3745819398	85389610.41816352
16.4548494983	86447590.8271971
16.5351170569	85874071.68031748
16.6153846154	86452604.6819156
16.6956521739	87263255.47082986
16.7759197324	85877866.89833625
16.856187291	86691945.45479184
16.9364548495	87100871.22746378
17.016722408	88298728.19140354
17.0969899666	86325836.97575122
17.1772575251	86407550.77656896
17.2575250836	87087412.01376747
17.3377926421	87605906.24689193
17.4180602007	87423927.14911675
17.4983277592	86222275.09808889
17.5785953177	86204381.07643445
17.6588628763	87405393.2069011
17.7391304348	86946039.16522035
17.8193979933	85769924.79997437
17.8996655518	86030907.60915841
17.9799331104	86259800.5455935
18.0602006689	85565938.74147576
18.1404682274	85295699.9772237
18.220735786	85753277.07047036
18.3010033445	85062415.99929
18.381270903	84295247.43745422
18.4615384615	84261329.38252822
18.5418060201	84312585.3872574
18.6220735786	84418737.29898916
18.7023411371	83691352.63943236
18.7826086957	83338047.54988004
18.8628762542	83159996.3170601
18.9431438127	82925138.96309668
19.0234113712	82556963.06038062
19.1036789298	82878833.04928453
19.1839464883	82578627.2636439
19.2642140468	82166867.5770617
19.3444816054	81916124.68122211
19.4247491639	81668682.67104708
19.5050167224	80968024.96583915
19.5852842809	80697720.65222013
19.6655518395	80460605.97734343
19.745819398	80295198.60540046
19.8260869565	79978497.76488528
19.9063545151	79815610.95203198
19.9866220736	80331821.02464524
20.0668896321	79965621.78839046
20.1471571906	78348140.31460112
20.2274247492	77848651.11762217
20.3076923077	78503878.43447067
20.3879598662	78625723.92991936
20.4682274247	77721220.51091634
20.5484949833	77313965.79072137
20.6287625418	77357713.54374254
20.7090301003	77137690.91296948
20.7892976589	77090941.21329638
20.8695652174	77053018.18379687
20.9498327759	76592109.4600438
21.0301003344	76472036.46634205
21.110367893	76422329.01830025
21.1906354515	76527881.107644
21.27090301	75869251.70355429
21.3511705686	75535939.62764563
21.4314381271	75162006.00033362
21.5117056856	74881073.47321299
21.5919732441	74590897.50245255
21.6722408027	74618244.0936926
21.7525083612	74678642.30914247
21.8327759197	74521622.7721641
21.9130434783	74019095.15480207
21.9933110368	73794279.51883505
22.0735785953	74022223.03334135
22.1538461538	73318590.47382155
22.2341137124	73567219.68703315
22.3143812709	73242668.96744873
22.3946488294	72944380.98030591
22.474916388	72820499.22511324
22.5551839465	72840676.94966823
22.635451505	72452578.20794103
22.7157190635	72279556.82642788
22.7959866221	72549515.7571195
22.8762541806	72068579.82608998
22.9565217391	71789434.66788375
23.0367892977	71534185.64465274
23.1170568562	71922877.61039929
23.1973244147	71684167.33539909
23.2775919732	71457817.541645
23.3578595318	71543875.62498999
23.4381270903	70894192.66740061
23.5183946488	70527055.2093943
23.5986622074	70153980.61246529
23.6789297659	70082892.26185423
23.7591973244	70358540.67950328
23.8394648829	69901697.32483587
23.9197324415	70112523.88681017
24.0	69242918.57151559
